11111111

mmm 1111.

1 11111111 1111111 ,111 1111111111 11111111 1111111111,

11111 111111, 1111 1111111111111, ,11111 1111111 mrim 11111111,
11111111 1111111111 1111111111 mmm, 111111 11111 11 mati
111111, 1111111111, 1111 11111 1111111 1111111111 11111 111 {mic 1
1111111111 mmm 1111111111 11 1111111111 mmm mdia

1111111. 1111 111111 1111111111 11 111 1111111111 111 mmm,
11111111 111111 1111111111111111 1111111111 1111111111 tui 1111·
1111 11111111, 11 111, 11111111 1111111 1111111 11111111 mita
11111111111111, 11111 1111111 immam 1111111111 1111111111 11
1111111111111 1111111111, 1111111111 11 onmium 11111 uma, 1111111
1111 1111111111111111 1111111 111111 11111. 111111 111 1111111 1111111
1111, 11 111, 11 111111111111111111111111111111111, 1111 11111111
11111111 1111111 11 1111111, 11 11111 11111 ditmannum 1111111
11111 11111111 111111 1111111111 111111111111 1111 1111111111, 11111111
1111 mmmmm 1111 11111111 11 1111111111 1111111111 11111111 111
111111111111 111 11111 mersumve 111111111111111 1111 111111
111111, 1 11111 1111 1111111, 1111111 111 11111 1111 11111 1111111111111
111111111111, 1111111111 1111, 1111 1111 111111 1111111, 11111 1111

1111 111111 1111111111 11111 11111111, 111111111111111111111111
’1111111111 mni, 1111 11111 11111111 11111111 1111, 1111, mi 11111111
1111111111 1111111,

1 11111111 1111111111 1111111 111111, 111111, 11111 1111111111 111 1111 11111,
1111111111 1111111111 11111111 1111, 111111, 1, 11111 1111, 1111111 1111111, 1111
111 11111111 1111111 11 111111111111111111111111111 1111111111, 1111 11
1111111111111 111111 11111111 111 1111111111 111111111111111111111111111111
1111111111 111111111111111.111,1 1111111 11111111 1111111111
11111 1111111111111111111111111 1111111 1111111111111111 1111111111 pm
111111 11111111111111111111111) 1111111111 1111111111 1111, 1111111111
11111 A 1111111111111111 1111111, 1111111111 111, 111, 111) 111111 1111111 1111111111
1111 11111, 11 1111111111 11111111 1111 1111111111 1111111111 11 1111111111·
1111111111 11 1111111111 11111111111111, 11 ’1111111111111 1111
11 1111111111 1111111111 Λ 111 1111111111 1111. 111, 1, 1oe 1111111
1111111111111 1111111111111 111111111111111111111 111111-
111111 111111 1111111111 11 1111111111 1111 1111111111111

 

